| 0.010416666666666666 0.006944444444444444 0.006944444444444444 0.003472222222222222 0.003472222222222222 0.0 0.003472222222222222 0.003472222222222222 0.006944444444444444 0.006944444444444444 0.010416666666666666 0.010416666666666666 0.010416666666666666 0.010416666666666666 0.010416666666666666 0.010416666666666666 0.006944444444444444 0.006944444444444444 0.003472222222222222 0.003472222222222222 0.0 0.0 0.003472222222222222 0.003472222222222222 0.006944444444444444 0.010416666666666666 0.013888888888888888 0.013888888888888888 0.013888888888888888 0.06944444444444445 0.06597222222222222 0.12152777777777778 0.11805555555555555 0.17708333333333331 0.11805555555555555 0.12152777777777778 0.06597222222222222 0.06597222222222222 0.010416666666666666 0.010416666666666666 0.0 0.0 |
| 0.0 0.0 0.0 0.0 0.0 0.0 0.0 0.0 0.0 0.0 0.0 0.0 0.0 0.0 0.0 0.0 0.0 0.0 0.0 0.0 0.0 0.0 0.0 0.0 0.0 0.0 0.0 0.0 0.0 0.0 0.05555555555555555 0.05555555555555555 0.1111111111111111 0.1111111111111111 0.16666666666666666 0.1111111111111111 0.1111111111111111 0.05555555555555555 0.05555555555555555 0.0 0.0 0.0 |
| 0.0 0.0 0.0 0.0 0.0 0.0 0.0 0.0 0.0 0.0 0.0 0.0 0.0 0.0 0.0 0.0 0.0 0.0 0.0 0.0 0.0 0.0 0.0 0.0 0.0 0.0 0.0 0.0 0.0 0.0 0.0 0.048611111111111105 0.048611111111111105 0.09722222222222221 0.09722222222222221 0.14583333333333331 0.09722222222222221 0.09722222222222221 0.048611111111111105 0.048611111111111105 0.0 0.0 |
| 0.05555555555555555 0.0 0.0 0.0 0.0 0.0 0.0 0.0 0.0 0.0 0.0 0.0 0.0 0.0 0.0 0.0 0.0 0.0 0.0 0.0 0.0 0.0 0.0 0.0 0.0 0.0 0.0 0.0 0.0 0.0 0.0 0.0 0.05555555555555555 0.05555555555555555 0.1111111111111111 0.1111111111111111 0.16666666666666666 0.1111111111111111 0.1111111111111111 0.05555555555555555 0.0 0.0 |
| 0.06597222222222222 0.0625 0.006944444444444444 0.003472222222222222 0.003472222222222222 0.0 0.0 0.0 0.0 0.0 0.0 0.0 0.0 0.0 0.0 0.0 0.0 0.0 0.0 0.0 0.0 0.0 0.0 0.0 0.0 0.0 0.0 0.0 0.0 0.0 0.0 0.0 0.0 0.05555555555555555 0.05555555555555555 0.1111111111111111 0.11458333333333333 0.17013888888888887 0.11805555555555555 0.11805555555555555 0.0 0.0 |
| 0.12152777777777778 0.0625 0.0625 0.003472222222222222 0.003472222222222222 0.0 0.0 0.0 0.0 0.0 0.0 0.003472222222222222 0.003472222222222222 0.006944444444444444 0.006944444444444444 0.010416666666666666 0.006944444444444444 0.006944444444444444 0.003472222222222222 0.003472222222222222 0.0 0.0 0.0 0.0 0.0 0.006944444444444444 0.006944444444444444 0.013888888888888888 0.013888888888888888 0.020833333333333332 0.013888888888888888 0.013888888888888888 0.006944444444444444 0.006944444444444444 0.05555555555555555 0.05555555555555555 0.11458333333333333 0.11458333333333333 0.1736111111111111 0.11805555555555555 0.0 0.0 |
| 0.1111111111111111 0.1111111111111111 0.05555555555555555 0.05555555555555555 0.0 0.0 0.0 0.0 0.0 0.0 0.0 0.0 0.0 0.0 0.0 0.0 0.0 0.0 0.0 0.0 0.0 0.0 0.0 0.0 0.0 0.0 0.0 0.0 0.0 0.0 0.0 0.0 0.0 0.0 0.0 0.05555555555555555 0.05555555555555555 0.1111111111111111 0.1111111111111111 0.16666666666666666 0.0 0.0 |
| 0.07291666666666666 0.048611111111111105 0.048611111111111105 0.024305555555555552 0.024305555555555552 0.0 0.0 0.0 0.0 0.0 0.0 0.0 0.0 0.0 0.0 0.0 0.0 0.0 0.0 0.0 0.0 0.0 0.0 0.0 0.0 0.0 0.0 0.0 0.0 0.0 0.0 0.0 0.0 0.0 0.0 0.0 0.024305555555555552 0.024305555555555552 0.048611111111111105 0.048611111111111105 0.0 0.0 |
| 0.1111111111111111 0.16666666666666666 0.1111111111111111 0.1111111111111111 0.05555555555555555 0.05555555555555555 0.0 0.0 0.0 0.0 0.0 0.0 0.0 0.0 0.0 0.0 0.0 0.0 0.0 0.0 0.0 0.0 0.0 0.0 0.0 0.0 0.0 0.0 0.0 0.0 0.0 0.0 0.0 0.0 0.0 0.0 0.0 0.05555555555555555 0.05555555555555555 0.1111111111111111 0.0 0.0 |
| 0.1111111111111111 0.1111111111111111 0.16666666666666666 0.1111111111111111 0.1111111111111111 0.05555555555555555 0.05555555555555555 0.0 0.0 0.0 0.0 0.0 0.0 0.0 0.0 0.0 0.0 0.0 0.0 0.0 0.0 0.0 0.0 0.0 0.0 0.0 0.0 0.0 0.0 0.0 0.0 0.0 0.0 0.0 0.0 0.0 0.0 0.0 0.05555555555555555 0.05555555555555555 0.0 0.0 |
| 0.05555555555555555 0.1111111111111111 0.1111111111111111 0.16666666666666666 0.1111111111111111 0.1111111111111111 0.05555555555555555 0.05555555555555555 0.0 0.0 0.0 0.0 0.0 0.0 0.0 0.0 0.0 0.0 0.0 0.0 0.0 0.0 0.0 0.0 0.0 0.0 0.0 0.0 0.0 0.0 0.0 0.0 0.0 0.0 0.0 0.0 0.0 0.0 0.0 0.05555555555555555 0.0 1.0 |
| 0.06597222222222222 0.0625 0.11805555555555555 0.11458333333333333 0.17013888888888887 0.1111111111111111 0.1111111111111111 0.05555555555555555 0.05555555555555555 0.0 0.0 0.003472222222222222 0.003472222222222222 0.006944444444444444 0.006944444444444444 0.010416666666666666 0.006944444444444444 0.006944444444444444 0.003472222222222222 0.003472222222222222 0.0 0.0 0.0 0.0 0.0 0.003472222222222222 0.003472222222222222 0.006944444444444444 0.006944444444444444 0.010416666666666666 0.006944444444444444 0.006944444444444444 0.003472222222222222 0.003472222222222222 0.0 0.0 0.003472222222222222 0.003472222222222222 0.006944444444444444 0.006944444444444444 0.0 0.0 |
| 0.010416666666666666 0.0625 0.0625 0.11458333333333333 0.11458333333333333 0.16666666666666666 0.1111111111111111 0.1111111111111111 0.05555555555555555 0.05555555555555555 0.0 0.0 0.0 0.0 0.0 0.0 0.0 0.0 0.0 0.0 0.0 0.0 0.0 0.0 0.0 0.003472222222222222 0.003472222222222222 0.006944444444444444 0.006944444444444444 0.010416666666666666 0.006944444444444444 0.006944444444444444 0.003472222222222222 0.003472222222222222 0.0 0.0 0.003472222222222222 0.003472222222222222 0.006944444444444444 0.006944444444444444 0.0 0.0 |
| 0.0 0.0 0.05555555555555555 0.05555555555555555 0.1111111111111111 0.1111111111111111 0.16666666666666666 0.1111111111111111 0.1111111111111111 0.05555555555555555 0.05555555555555555 0.0 0.0 0.0 0.0 0.0 0.0 0.0 0.0 0.0 0.0 0.0 0.0 0.0 0.0 0.0 0.0 0.0 0.0 0.0 0.0 0.0 0.0 0.0 0.0 0.0 0.0 0.0 0.0 0.0 0.0 0.0 |
| 0.0 0.0 0.0 0.05555555555555555 0.05555555555555555 0.1111111111111111 0.1111111111111111 0.16666666666666666 0.1111111111111111 0.1111111111111111 0.05555555555555555 0.05555555555555555 0.0 0.0 0.0 0.0 0.0 0.0 0.0 0.0 0.0 0.0 0.0 0.0 0.0 0.0 0.0 0.0 0.0 0.0 0.0 0.0 0.0 0.0 0.0 0.0 0.0 0.0 0.0 0.0 0.0 0.0 |
| 0.010416666666666666 0.006944444444444444 0.006944444444444444 0.003472222222222222 0.059027777777777776 0.05555555555555555 0.1111111111111111 0.1111111111111111 0.16666666666666666 0.1111111111111111 0.1111111111111111 0.05555555555555555 0.05555555555555555 0.0 0.0 0.0 0.0 0.0 0.0 0.0 0.0 0.0 0.0 0.0 0.0 0.0 0.0 0.0 0.0 0.0 0.0 0.0 0.0 0.0 0.0 0.0 0.003472222222222222 0.003472222222222222 0.006944444444444444 0.006944444444444444 0.0 0.0 |
| 0.0 0.0 0.0 0.0 0.0 0.05555555555555555 0.05555555555555555 0.1111111111111111 0.1111111111111111 0.16666666666666666 0.1111111111111111 0.1111111111111111 0.05555555555555555 0.05555555555555555 0.0 0.0 0.0 0.0 0.0 0.0 0.0 0.0 0.0 0.0 0.0 0.0 0.0 0.0 0.0 0.0 0.0 0.0 0.0 0.0 0.0 0.0 0.0 0.0 0.0 0.0 0.0 0.0 |
| 0.0 0.0 0.0 0.0 0.0 0.0 0.048611111111111105 0.048611111111111105 0.09722222222222221 0.09722222222222221 0.14583333333333331 0.09722222222222221 0.09722222222222221 0.048611111111111105 0.048611111111111105 0.0 0.0 0.0 0.0 0.0 0.0 0.0 0.0 0.0 0.0 0.0 0.0 0.0 0.0 0.0 0.0 0.0 0.0 0.0 0.0 0.0 0.0 0.0 0.0 0.0 0.0 0.0 |
| 0.0 0.0 0.0 0.0 0.0 0.0 0.0 0.05555555555555555 0.05555555555555555 0.1111111111111111 0.1111111111111111 0.16666666666666666 0.1111111111111111 0.1111111111111111 0.05555555555555555 0.05555555555555555 0.0 0.0 0.0 0.0 0.0 0.0 0.0 0.0 0.0 0.0 0.0 0.0 0.0 0.0 0.0 0.0 0.0 0.0 0.0 0.0 0.0 0.0 0.0 0.0 0.0 0.0 |
| 0.0 0.0 0.0 0.0 0.0 0.0 0.0 0.0 0.05555555555555555 0.05555555555555555 0.1111111111111111 0.11458333333333333 0.17013888888888887 0.11805555555555555 0.11805555555555555 0.06597222222222222 0.0625 0.006944444444444444 0.003472222222222222 0.003472222222222222 0.0 0.0 0.0 0.0 0.0 0.0 0.0 0.0 0.0 0.0 0.0 0.0 0.0 0.0 0.0 0.0 0.0 0.0 0.0 0.0 0.0 0.0 |
| 0.0 0.0 0.0 0.0 0.0 0.0 0.0 0.0 0.0 0.05555555555555555 0.05555555555555555 0.1111111111111111 0.1111111111111111 0.16666666666666666 0.1111111111111111 0.1111111111111111 0.05555555555555555 0.05555555555555555 0.0 0.0 0.0 0.0 0.0 0.0 0.0 0.0 0.0 0.0 0.0 0.0 0.0 0.0 0.0 0.0 0.0 0.0 0.0 0.0 0.0 0.0 0.0 0.0 |
| 0.0 0.0 0.0 0.0 0.0 0.0 0.0 0.0 0.0 0.0 0.05555555555555555 0.05555555555555555 0.1111111111111111 0.1111111111111111 0.16666666666666666 0.1111111111111111 0.1111111111111111 0.05555555555555555 0.05555555555555555 0.0 0.0 0.0 0.0 0.0 0.0 0.0 0.0 0.0 0.0 0.0 0.0 0.0 0.0 0.0 0.0 0.0 0.0 0.0 0.0 0.0 0.0 0.0 |
| 0.0 0.0 0.0 0.0 0.0 0.0 0.0 0.0 0.0 0.0 0.0 0.024305555555555552 0.024305555555555552 0.048611111111111105 0.048611111111111105 0.07291666666666666 0.048611111111111105 0.048611111111111105 0.024305555555555552 0.024305555555555552 0.0 0.0 0.0 0.0 0.0 0.0 0.0 0.0 0.0 0.0 0.0 0.0 0.0 0.0 0.0 0.0 0.0 0.0 0.0 0.0 0.0 0.0 |
| 0.0 0.0 0.0 0.0 0.0 0.0 0.0 0.0 0.0 0.0 0.0 0.0 0.05555555555555555 0.05555555555555555 0.1111111111111111 0.1111111111111111 0.16666666666666666 0.1111111111111111 0.1111111111111111 0.05555555555555555 0.05555555555555555 0.0 0.0 0.0 0.0 0.0 0.0 0.0 0.0 0.0 0.0 0.0 0.0 0.0 0.0 0.0 0.0 0.0 0.0 0.0 0.0 0.0 |
| 0.010416666666666666 0.006944444444444444 0.006944444444444444 0.003472222222222222 0.003472222222222222 0.0 0.0 0.0 0.0 0.0 0.0 0.003472222222222222 0.003472222222222222 0.0625 0.0625 0.12152777777777778 0.11805555555555555 0.1736111111111111 0.11458333333333333 0.11458333333333333 0.05555555555555555 0.05555555555555555 0.0 0.0 0.0 0.003472222222222222 0.003472222222222222 0.006944444444444444 0.006944444444444444 0.010416666666666666 0.006944444444444444 0.006944444444444444 0.003472222222222222 0.003472222222222222 0.0 0.0 0.003472222222222222 0.003472222222222222 0.006944444444444444 0.006944444444444444 0.0 0.0 |
| 0.0 0.0 0.0 0.0 0.0 0.0 0.0 0.0 0.0 0.0 0.0 0.003472222222222222 0.003472222222222222 0.006944444444444444 0.0625 0.06597222222222222 0.11805555555555555 0.11805555555555555 0.17013888888888887 0.11458333333333333 0.1111111111111111 0.05555555555555555 0.05555555555555555 0.0 0.0 0.0 0.0 0.0 0.0 0.0 0.0 0.0 0.0 0.0 0.0 0.0 0.0 0.0 0.0 0.0 0.0 0.0 |
| 0.0 0.0 0.0 0.0 0.0 0.0 0.0 0.0 0.0 0.0 0.0 0.0 0.0 0.0 0.0 0.05555555555555555 0.05555555555555555 0.1111111111111111 0.1111111111111111 0.16666666666666666 0.1111111111111111 0.1111111111111111 0.05555555555555555 0.05555555555555555 0.0 0.0 0.0 0.0 0.0 0.0 0.0 0.0 0.0 0.0 0.0 0.0 0.0 0.0 0.0 0.0 0.0 0.0 |
| 0.0 0.0 0.0 0.0 0.0 0.0 0.0 0.0 0.0 0.0 0.0 0.0 0.0 0.0 0.0 0.0 0.05555555555555555 0.05555555555555555 0.1111111111111111 0.1111111111111111 0.16666666666666666 0.1111111111111111 0.1111111111111111 0.05555555555555555 0.05555555555555555 0.0 0.0 0.0 0.0 0.0 0.0 0.0 0.0 0.0 0.0 0.0 0.0 0.0 0.0 0.0 0.0 0.0 |
| 0.0 0.0 0.0 0.0 0.0 0.0 0.0 0.0 0.0 0.0 0.0 0.003472222222222222 0.003472222222222222 0.006944444444444444 0.006944444444444444 0.010416666666666666 0.006944444444444444 0.0625 0.059027777777777776 0.11458333333333333 0.1111111111111111 0.16666666666666666 0.1111111111111111 0.1111111111111111 0.05555555555555555 0.05555555555555555 0.0 0.0 0.0 0.0 0.0 0.0 0.0 0.0 0.0 0.0 0.0 0.0 0.0 0.0 0.0 0.0 |
| 0.0 0.0 0.0 0.0 0.0 0.0 0.0 0.0 0.0 0.0 0.0 0.0 0.0 0.0 0.0 0.0 0.0 0.0 0.05555555555555555 0.05555555555555555 0.1111111111111111 0.1111111111111111 0.16666666666666666 0.1111111111111111 0.1111111111111111 0.05555555555555555 0.05555555555555555 0.0 0.0 0.0 0.0 0.0 0.0 0.0 0.0 0.0 0.0 0.0 0.0 0.0 0.0 0.0 |
| 0.0 0.0 0.0 0.0 0.0 0.0 0.0 0.0 0.0 0.0 0.0 0.0 0.0 0.0 0.0 0.0 0.0 0.0 0.0 0.0 0.0 0.0 0.0 0.0 0.0 0.0 0.0 0.0 0.0 0.0 0.0 0.0 0.0 0.0 0.0 0.0 0.0 0.0 0.0 0.0 0.0 0.0 |
| 0.0 0.0 0.0 0.0 0.0 0.0 0.0 0.0 0.0 0.0 0.0 0.0 0.0 0.0 0.0 0.0 0.0 0.0 0.0 0.0 0.05555555555555555 0.05555555555555555 0.1111111111111111 0.1111111111111111 0.16666666666666666 0.1111111111111111 0.1111111111111111 0.05555555555555555 0.05555555555555555 0.0 0.0 0.0 0.0 0.0 0.0 0.0 0.0 0.0 0.0 0.0 0.0 0.0 |
| 0.0 0.0 0.0 0.0 0.0 0.0 0.0 0.0 0.0 0.0 0.0 0.0 0.0 0.0 0.0 0.0 0.0 0.0 0.0 0.0 0.0 0.05555555555555555 0.05555555555555555 0.1111111111111111 0.1111111111111111 0.16666666666666666 0.1111111111111111 0.1111111111111111 0.05555555555555555 0.05555555555555555 0.0 0.0 0.0 0.0 0.0 0.0 0.0 0.0 0.0 0.0 0.0 0.0 |
| 0.0 0.0 0.0 0.0 0.0 0.0 0.0 0.0 0.0 0.0 0.0 0.0 0.0 0.0 0.0 0.0 0.0 0.0 0.0 0.0 0.0 0.0 0.048611111111111105 0.048611111111111105 0.09722222222222221 0.10069444444444443 0.14930555555555552 0.10416666666666666 0.10416666666666666 0.05902777777777777 0.05555555555555555 0.006944444444444444 0.003472222222222222 0.003472222222222222 0.0 0.0 0.0 0.0 0.0 0.0 0.0 0.0 |
| 0.0 0.0 0.0 0.0 0.0 0.0 0.0 0.0 0.0 0.0 0.0 0.0 0.0 0.0 0.0 0.0 0.0 0.0 0.0 0.0 0.0 0.0 0.0 0.05555555555555555 0.05555555555555555 0.1111111111111111 0.1111111111111111 0.16666666666666666 0.1111111111111111 0.1111111111111111 0.05555555555555555 0.05555555555555555 0.0 0.0 0.0 0.0 0.0 0.0 0.0 0.0 0.0 0.0 |
| 0.0 0.0 0.0 0.0 0.0 0.0 0.0 0.0 0.0 0.0 0.0 0.0 0.0 0.0 0.0 0.0 0.0 0.0 0.0 0.0 0.0 0.0 0.0 0.0 0.05555555555555555 0.05555555555555555 0.1111111111111111 0.1111111111111111 0.16666666666666666 0.1111111111111111 0.1111111111111111 0.05555555555555555 0.05555555555555555 0.0 0.0 0.0 0.0 0.0 0.0 0.0 0.0 0.0 |
| 0.0 0.0 0.0 0.0 0.0 0.0 0.0 0.0 0.0 0.0 0.0 0.0 0.0 0.0 0.0 0.0 0.0 0.0 0.0 0.0 0.0 0.0 0.0 0.0 0.0 0.024305555555555552 0.024305555555555552 0.048611111111111105 0.048611111111111105 0.07291666666666666 0.048611111111111105 0.048611111111111105 0.024305555555555552 0.024305555555555552 0.0 0.0 0.0 0.0 0.0 0.0 0.0 0.0 |
| 0.0 0.0 0.0 0.0 0.0 0.0 0.0 0.0 0.0 0.0 0.0 0.0 0.0 0.0 0.0 0.0 0.0 0.0 0.0 0.0 0.0 0.0 0.0 0.0 0.0 0.0 0.05555555555555555 0.05555555555555555 0.1111111111111111 0.1111111111111111 0.16666666666666666 0.1111111111111111 0.1111111111111111 0.05555555555555555 0.05555555555555555 0.0 0.0 0.0 0.0 0.0 0.0 0.0 |
| 0.0 0.0 0.0 0.0 0.0 0.0 0.0 0.0 0.0 0.0 0.0 0.0 0.0 0.0 0.0 0.0 0.0 0.0 0.0 0.0 0.0 0.0 0.0 0.0 0.0 0.0 0.0 0.05555555555555555 0.05555555555555555 0.1111111111111111 0.1111111111111111 0.16666666666666666 0.1111111111111111 0.1111111111111111 0.05555555555555555 0.05555555555555555 0.0 0.0 0.0 0.0 0.0 0.0 |
| 0.010416666666666666 0.006944444444444444 0.006944444444444444 0.003472222222222222 0.003472222222222222 0.0 0.0 0.0 0.0 0.0 0.0 0.003472222222222222 0.003472222222222222 0.006944444444444444 0.006944444444444444 0.010416666666666666 0.006944444444444444 0.006944444444444444 0.003472222222222222 0.003472222222222222 0.0 0.0 0.0 0.0 0.0 0.003472222222222222 0.003472222222222222 0.006944444444444444 0.0625 0.06597222222222222 0.11805555555555555 0.11805555555555555 0.17013888888888887 0.11458333333333333 0.1111111111111111 0.05555555555555555 0.059027777777777776 0.003472222222222222 0.006944444444444444 0.006944444444444444 0.0 0.0 |
| 0.010416666666666666 0.006944444444444444 0.006944444444444444 0.003472222222222222 0.003472222222222222 0.0 0.003472222222222222 0.003472222222222222 0.006944444444444444 0.006944444444444444 0.010416666666666666 0.010416666666666666 0.010416666666666666 0.010416666666666666 0.010416666666666666 0.010416666666666666 0.006944444444444444 0.006944444444444444 0.003472222222222222 0.059027777777777776 0.05555555555555555 0.1111111111111111 0.11458333333333333 0.17013888888888887 0.11805555555555555 0.12152777777777778 0.06944444444444445 0.06944444444444445 0.013888888888888888 0.013888888888888888 0.010416666666666666 0.010416666666666666 0.006944444444444444 0.010416666666666666 0.006944444444444444 0.010416666666666666 0.010416666666666666 0.010416666666666666 0.010416666666666666 0.010416666666666666 0.0 0.0 |
| 0.16666666666666666 0.16666666666666666 0.16666666666666666 0.16666666666666666 0.16666666666666666 0.16666666666666666 0.16666666666666666 0.16666666666666666 0.16666666666666666 0.16666666666666666 0.16666666666666666 0.16666666666666666 0.16666666666666666 0.16666666666666666 0.16666666666666666 0.16666666666666666 0.16666666666666666 0.16666666666666666 0.16666666666666666 0.16666666666666666 0.16666666666666666 0.16666666666666666 0.16666666666666666 0.16666666666666666 0.16666666666666666 0.16666666666666666 0.16666666666666666 0.16666666666666666 0.16666666666666666 0.16666666666666666 0.16666666666666666 0.16666666666666666 0.16666666666666666 0.16666666666666666 0.16666666666666666 0.16666666666666666 0.16666666666666666 0.16666666666666666 0.16666666666666666 0.16666666666666666 1.0 0.0 |
