| 0.011574074074074073 0.007908950617283951 0.008198302469135802 0.004629629629629629 0.004822530864197531 0.0013503086419753086 0.00482253086419753 0.00482253086419753 0.00810185185185185 0.00810185185185185 0.011381172839506171 0.011381172839506171 0.011284722222222224 0.011381172839506173 0.011381172839506173 0.011477623456790122 0.008101851851851853 0.009741512345679012 0.0063657407407407395 0.00954861111111111 0.006172839506172839 0.010995370370370369 0.012827932098765434 0.017746913580246913 0.017939814814814815 0.026234567901234566 0.02478780864197531 0.029610339506172846 0.024691358024691364 0.08342978395061727 0.07513503086419752 0.13223379629629625 0.12403549382716048 0.18287037037037032 0.1208526234567901 0.12403549382716048 0.06712962962962961 0.06684027777777776 0.011574074074074075 0.011284722222222222 0.0 0.0 |
| 0.0 0.0 0.0 0.0 0.0 0.0 0.0 0.0 0.0 0.0 0.0 0.0 0.0 0.0 0.0 0.0 0.0 0.0 0.0015432098765432098 0.0015432098765432098 0.004629629629629629 0.004629629629629629 0.009259259259259259 0.007716049382716049 0.012345679012345678 0.009259259259259259 0.013888888888888888 0.009259259259259259 0.013888888888888888 0.009259259259259259 0.06790123456790123 0.06327160493827161 0.12037037037037035 0.11574074074074073 0.17129629629629628 0.11265432098765432 0.11265432098765432 0.05555555555555555 0.05555555555555555 0.0 0.0 0.0 |
| 0.0 0.0 0.0 0.0 0.0 0.0 0.0 0.0 0.0 0.0 0.0 0.0 0.0 0.0 0.0 0.0 0.0 0.0 0.0 0.0013503086419753084 0.0013503086419753084 0.004050925925925925 0.004050925925925925 0.00810185185185185 0.006751543209876542 0.010802469135802467 0.00810185185185185 0.012152777777777775 0.00810185185185185 0.012152777777777775 0.00810185185185185 0.05941358024691357 0.05536265432098764 0.10532407407407407 0.10127314814814814 0.14988425925925924 0.09857253086419752 0.09857253086419752 0.048611111111111105 0.048611111111111105 0.0 0.0 |
| 0.05555555555555555 0.0 0.0 0.0 0.0 0.0 0.0 0.0 0.0 0.0 0.0 0.0 0.0 0.0 0.0 0.0 0.0 0.0 0.0 0.0 0.0015432098765432098 0.0015432098765432098 0.004629629629629629 0.004629629629629629 0.009259259259259259 0.007716049382716049 0.012345679012345678 0.009259259259259259 0.013888888888888888 0.009259259259259259 0.013888888888888888 0.009259259259259259 0.06790123456790123 0.06327160493827161 0.12037037037037035 0.11574074074074073 0.17129629629629628 0.11265432098765432 0.11265432098765432 0.05555555555555555 0.0 0.0 |
| 0.06626157407407407 0.06259645061728394 0.007040895061728395 0.003472222222222222 0.003472222222222222 0.0 0.0 0.0 0.0 0.0 0.0 0.0 0.0 0.0 0.0 0.0 0.0 0.0 0.0 0.0 0.0 0.0015432098765432098 0.0015432098765432098 0.004629629629629629 0.00472608024691358 0.00935570987654321 0.008005401234567902 0.012635030864197531 0.009837962962962963 0.014371141975308643 0.010030864197530864 0.014467592592592594 0.010127314814814815 0.06847993827160492 0.06413966049382715 0.12094907407407406 0.11998456790123456 0.17525077160493824 0.12017746913580246 0.1198881172839506 0.0 0.0 |
| 0.12345679012345677 0.06288580246913579 0.06288580246913579 0.004050925925925926 0.0039544753086419755 0.0007716049382716049 0.0005787037037037037 0.0008680555555555555 0.0005787037037037037 0.0008680555555555555 0.0005787037037037037 0.004243827160493827 0.0039544753086419755 0.007716049382716048 0.007426697530864197 0.011284722222222222 0.007619598765432099 0.008198302469135802 0.004436728395061728 0.005015432098765432 0.0011574074074074073 0.001736111111111111 0.002700617283950617 0.003279320987654321 0.005883487654320988 0.013213734567901234 0.017457561728395063 0.023051697530864196 0.027391975308641976 0.03115354938271605 0.028742283950617287 0.023919753086419755 0.02170138888888889 0.01678240740740741 0.06876929012345677 0.0638503086419753 0.12461419753086417 0.1196952160493827 0.17881944444444442 0.11998456790123455 0.0 0.0 |
| 0.11265432098765432 0.11265432098765432 0.05555555555555555 0.05555555555555555 0.0 0.0 0.0 0.0 0.0 0.0 0.0 0.0 0.0 0.0 0.0 0.0 0.0 0.0 0.0 0.0 0.0 0.0 0.0 0.0015432098765432098 0.0015432098765432098 0.004629629629629629 0.004629629629629629 0.009259259259259259 0.007716049382716049 0.012345679012345678 0.009259259259259259 0.013888888888888888 0.009259259259259259 0.013888888888888888 0.009259259259259259 0.06790123456790123 0.06327160493827161 0.12037037037037035 0.11574074074074073 0.17129629629629628 0.0 0.0 |
| 0.07494212962962962 0.04928626543209876 0.04928626543209876 0.024305555555555552 0.024305555555555552 0.0 0.0 0.0 0.0 0.0 0.0 0.0 0.0 0.0 0.0 0.0 0.0 0.0 0.0 0.0 0.0 0.0 0.0 0.0 0.0006751543209876542 0.0006751543209876542 0.0020254629629629624 0.0020254629629629624 0.004050925925925925 0.003375771604938271 0.005401234567901233 0.004050925925925925 0.006076388888888887 0.004050925925925925 0.006076388888888887 0.004050925925925925 0.029706790123456783 0.02768132716049382 0.052662037037037035 0.05063657407407407 0.0 0.0 |
| 0.11574074074074073 0.17129629629629628 0.11265432098765432 0.11265432098765432 0.05555555555555555 0.05555555555555555 0.0 0.0 0.0 0.0 0.0 0.0 0.0 0.0 0.0 0.0 0.0 0.0 0.0 0.0 0.0 0.0 0.0 0.0 0.0 0.0015432098765432098 0.0015432098765432098 0.004629629629629629 0.004629629629629629 0.009259259259259259 0.007716049382716049 0.012345679012345678 0.009259259259259259 0.013888888888888888 0.009259259259259259 0.013888888888888888 0.009259259259259259 0.06790123456790123 0.06327160493827161 0.12037037037037035 0.0 0.0 |
| 0.12037037037037035 0.11574074074074073 0.17129629629629628 0.11265432098765432 0.11265432098765432 0.05555555555555555 0.05555555555555555 0.0 0.0 0.0 0.0 0.0 0.0 0.0 0.0 0.0 0.0 0.0 0.0 0.0 0.0 0.0 0.0 0.0 0.0 0.0 0.0015432098765432098 0.0015432098765432098 0.004629629629629629 0.004629629629629629 0.009259259259259259 0.007716049382716049 0.012345679012345678 0.009259259259259259 0.013888888888888888 0.009259259259259259 0.013888888888888888 0.009259259259259259 0.06790123456790123 0.06327160493827161 0.0 0.0 |
| 0.06327160493827161 0.12037037037037035 0.11574074074074073 0.17129629629629628 0.11265432098765432 0.11265432098765432 0.05555555555555555 0.05555555555555555 0.0 0.0 0.0 0.0 0.0 0.0 0.0 0.0 0.0 0.0 0.0 0.0 0.0 0.0 0.0 0.0 0.0 0.0 0.0 0.0015432098765432098 0.0015432098765432098 0.004629629629629629 0.004629629629629629 0.009259259259259259 0.007716049382716049 0.012345679012345678 0.009259259259259259 0.013888888888888888 0.009259259259259259 0.013888888888888888 0.009259259259259259 0.06790123456790123 0.0 1.0 |
| 0.07870370370370369 0.07060185185185185 0.1277006172839506 0.11979166666666666 0.1752507716049382 0.11342592592592592 0.11323302469135801 0.05642361111111111 0.05613425925925926 0.0008680555555555555 0.0005787037037037037 0.004243827160493827 0.0039544753086419755 0.007619598765432098 0.0073302469135802465 0.01099537037037037 0.007330246913580247 0.0076195987654321 0.0039544753086419755 0.004243827160493827 0.0005787037037037037 0.0008680555555555555 0.0005787037037037037 0.0008680555555555555 0.0006751543209876543 0.004340277777777778 0.004243827160493828 0.007812499999999999 0.00935570987654321 0.012731481481481483 0.01244212962962963 0.012249228395061729 0.013599537037037035 0.011766975308641976 0.013213734567901234 0.009837962962962962 0.018132716049382717 0.013213734567901234 0.021412037037037035 0.016589506172839507 0.0 0.0 |
| 0.019965277777777776 0.07494212962962962 0.0703125 0.12384259259259259 0.11921296296296297 0.17129629629629628 0.11265432098765432 0.11265432098765432 0.05555555555555555 0.05555555555555555 0.0 0.0 0.0 9.645061728395061e-05 9.645061728395061e-05 0.00028935185185185184 0.00028935185185185184 0.0005787037037037037 0.00048225308641975306 0.0007716049382716049 0.0005787037037037037 0.0008680555555555555 0.0005787037037037037 0.0008680555555555555 0.0006751543209876543 0.004340277777777778 0.004243827160493828 0.007812499999999999 0.0078125 0.012731481481481483 0.00935570987654321 0.012249228395061729 0.008969907407407407 0.013310185185185185 0.008584104938271605 0.012924382716049381 0.013503086419753086 0.017843364197530864 0.016782407407407406 0.021122685185185185 0.0 0.0 |
| 0.013888888888888888 0.009259259259259259 0.06790123456790123 0.06327160493827161 0.12037037037037035 0.11574074074074073 0.17129629629629628 0.11265432098765432 0.11265432098765432 0.05555555555555555 0.05555555555555555 0.0 0.0 0.0 0.0 0.0 0.0 0.0 0.0 0.0 0.0 0.0 0.0 0.0 0.0 0.0 0.0 0.0 0.0 0.0 0.0015432098765432098 0.0015432098765432098 0.004629629629629629 0.004629629629629629 0.009259259259259259 0.007716049382716049 0.012345679012345678 0.009259259259259259 0.013888888888888888 0.009259259259259259 0.0 0.0 |
| 0.009259259259259259 0.013888888888888888 0.009259259259259259 0.06790123456790123 0.06327160493827161 0.12037037037037035 0.11574074074074073 0.17129629629629628 0.11265432098765432 0.11265432098765432 0.05555555555555555 0.05555555555555555 0.0 0.0 0.0 0.0 0.0 0.0 0.0 0.0 0.0 0.0 0.0 0.0 0.0 0.0 0.0 0.0 0.0 0.0 0.0 0.0015432098765432098 0.0015432098765432098 0.004629629629629629 0.004629629629629629 0.009259259259259259 0.007716049382716049 0.012345679012345678 0.009259259259259259 0.013888888888888888 0.0 0.0 |
| 0.024594907407407406 0.016300154320987654 0.020929783950617283 0.01273148148148148 0.07137345679012344 0.06327160493827161 0.12037037037037035 0.11574074074074073 0.17129629629629628 0.11265432098765432 0.11265432098765432 0.05555555555555555 0.05555555555555555 0.0 0.0 0.0 0.0 0.0 0.0 0.0 0.0 0.0 0.0 0.0 9.645061728395061e-05 9.645061728395061e-05 0.00028935185185185184 0.00028935185185185184 0.0005787037037037037 0.00048225308641975306 0.0007716049382716049 0.0005787037037037037 0.0024112654320987653 0.0021219135802469135 0.005497685185185185 0.005208333333333333 0.013503086419753086 0.011670524691358024 0.019868827160493825 0.016493055555555552 0.0 0.0 |
| 0.009259259259259259 0.013888888888888888 0.009259259259259259 0.013888888888888888 0.009259259259259259 0.06790123456790123 0.06327160493827161 0.12037037037037035 0.11574074074074073 0.17129629629629628 0.11265432098765432 0.11265432098765432 0.05555555555555555 0.05555555555555555 0.0 0.0 0.0 0.0 0.0 0.0 0.0 0.0 0.0 0.0 0.0 0.0 0.0 0.0 0.0 0.0 0.0 0.0 0.0 0.0015432098765432098 0.0015432098765432098 0.004629629629629629 0.004629629629629629 0.009259259259259259 0.007716049382716049 0.012345679012345678 0.0 0.0 |
| 0.010802469135802467 0.00810185185185185 0.012152777777777775 0.00810185185185185 0.012152777777777775 0.00810185185185185 0.05941358024691357 0.05536265432098764 0.10532407407407407 0.10127314814814814 0.14988425925925924 0.09857253086419752 0.09857253086419752 0.048611111111111105 0.048611111111111105 0.0 0.0 0.0 0.0 0.0 0.0 0.0 0.0 0.0 0.0 0.0 0.0 0.0 0.0 0.0 0.0 0.0 0.0 0.0 0.0013503086419753084 0.0013503086419753084 0.004050925925925925 0.004050925925925925 0.00810185185185185 0.006751543209876542 0.0 0.0 |
| 0.007716049382716049 0.012345679012345678 0.009259259259259259 0.013888888888888888 0.009259259259259259 0.013888888888888888 0.009259259259259259 0.06790123456790123 0.06327160493827161 0.12037037037037035 0.11574074074074073 0.17129629629629628 0.11265432098765432 0.11265432098765432 0.05555555555555555 0.05555555555555555 0.0 0.0 0.0 0.0 0.0 0.0 0.0 0.0 0.0 0.0 0.0 0.0 0.0 0.0 0.0 0.0 0.0 0.0 0.0 0.0015432098765432098 0.0015432098765432098 0.004629629629629629 0.004629629629629629 0.009259259259259259 0.0 0.0 |
| 0.00935570987654321 0.008005401234567902 0.012635030864197531 0.009837962962962963 0.014371141975308643 0.010030864197530864 0.014467592592592594 0.010127314814814815 0.06847993827160492 0.06413966049382715 0.12094907407407406 0.11998456790123456 0.17525077160493824 0.12017746913580246 0.1198881172839506 0.06626157407407407 0.06259645061728394 0.007040895061728395 0.003472222222222222 0.003472222222222222 0.0 0.0 0.0 0.0 0.0 0.0 0.0 0.0 0.0 0.0 0.0 0.0 0.0 0.0 0.0 0.0 0.0015432098765432098 0.0015432098765432098 0.004629629629629629 0.00472608024691358 0.0 0.0 |
| 0.004629629629629629 0.009259259259259259 0.007716049382716049 0.012345679012345678 0.009259259259259259 0.013888888888888888 0.009259259259259259 0.013888888888888888 0.009259259259259259 0.06790123456790123 0.06327160493827161 0.12037037037037035 0.11574074074074073 0.17129629629629628 0.11265432098765432 0.11265432098765432 0.05555555555555555 0.05555555555555555 0.0 0.0 0.0 0.0 0.0 0.0 0.0 0.0 0.0 0.0 0.0 0.0 0.0 0.0 0.0 0.0 0.0 0.0 0.0 0.0015432098765432098 0.0015432098765432098 0.004629629629629629 0.0 0.0 |
| 0.004629629629629629 0.004629629629629629 0.009259259259259259 0.007716049382716049 0.012345679012345678 0.009259259259259259 0.013888888888888888 0.009259259259259259 0.013888888888888888 0.009259259259259259 0.06790123456790123 0.06327160493827161 0.12037037037037035 0.11574074074074073 0.17129629629629628 0.11265432098765432 0.11265432098765432 0.05555555555555555 0.05555555555555555 0.0 0.0 0.0 0.0 0.0 0.0 0.0 0.0 0.0 0.0 0.0 0.0 0.0 0.0 0.0 0.0 0.0 0.0 0.0 0.0015432098765432098 0.0015432098765432098 0.0 0.0 |
| 0.0006751543209876542 0.0020254629629629624 0.0020254629629629624 0.004050925925925925 0.003375771604938271 0.005401234567901233 0.004050925925925925 0.006076388888888887 0.004050925925925925 0.006076388888888887 0.004050925925925925 0.029706790123456783 0.02768132716049382 0.052662037037037035 0.05063657407407407 0.07494212962962962 0.04928626543209876 0.04928626543209876 0.024305555555555552 0.024305555555555552 0.0 0.0 0.0 0.0 0.0 0.0 0.0 0.0 0.0 0.0 0.0 0.0 0.0 0.0 0.0 0.0 0.0 0.0 0.0 0.0006751543209876542 0.0 0.0 |
| 0.0015432098765432098 0.0015432098765432098 0.004629629629629629 0.004629629629629629 0.009259259259259259 0.007716049382716049 0.012345679012345678 0.009259259259259259 0.013888888888888888 0.009259259259259259 0.013888888888888888 0.009259259259259259 0.06790123456790123 0.06327160493827161 0.12037037037037035 0.11574074074074073 0.17129629629629628 0.11265432098765432 0.11265432098765432 0.05555555555555555 0.05555555555555555 0.0 0.0 0.0 0.0 0.0 0.0 0.0 0.0 0.0 0.0 0.0 0.0 0.0 0.0 0.0 0.0 0.0 0.0 0.0 0.0 0.0 |
| 0.010802469135802469 0.008873456790123458 0.008873456790123458 0.008680555555555554 0.008584104938271605 0.010030864197530864 0.008294753086419753 0.013213734567901234 0.009837962962962963 0.014756944444444444 0.009837962962962963 0.018132716049382717 0.013213734567901234 0.07552083333333331 0.07060185185185183 0.13136574074074073 0.12307098765432097 0.1789158950617284 0.11660879629629628 0.11689814814814813 0.05613425925925926 0.05642361111111111 0.0005787037037037037 0.0008680555555555555 0.0006751543209876543 0.004340277777777778 0.004243827160493828 0.007812499999999999 0.0078125 0.011188271604938273 0.0078125 0.0076195987654321 0.004340277777777778 0.004050925925925927 0.0008680555555555555 0.0005787037037037037 0.004243827160493827 0.0039544753086419755 0.007523148148148147 0.0073302469135802465 0.0 0.0 |
| 9.645061728395061e-05 0.00028935185185185184 0.0018325617283950616 0.0021219135802469135 0.005111882716049383 0.005401234567901234 0.009837962962962962 0.008584104938271605 0.012924382716049381 0.010127314814814815 0.014467592592592591 0.013503086419753087 0.017843364197530864 0.016782407407407406 0.07513503086419754 0.07397762345679013 0.12741126543209877 0.12278163580246912 0.1747685185185185 0.11612654320987653 0.11265432098765432 0.05555555555555555 0.05555555555555555 0.0 0.0 0.0 0.0 0.0 0.0 0.0 0.0 0.0 0.0 0.0 0.0 0.0 0.0 0.0 0.0 9.645061728395061e-05 0.0 0.0 |
| 0.0 0.0 0.0 0.0015432098765432098 0.0015432098765432098 0.004629629629629629 0.004629629629629629 0.009259259259259259 0.007716049382716049 0.012345679012345678 0.009259259259259259 0.013888888888888888 0.009259259259259259 0.013888888888888888 0.009259259259259259 0.06790123456790123 0.06327160493827161 0.12037037037037035 0.11574074074074073 0.17129629629629628 0.11265432098765432 0.11265432098765432 0.05555555555555555 0.05555555555555555 0.0 0.0 0.0 0.0 0.0 0.0 0.0 0.0 0.0 0.0 0.0 0.0 0.0 0.0 0.0 0.0 0.0 0.0 |
| 0.0 0.0 0.0 0.0 0.0015432098765432098 0.0015432098765432098 0.004629629629629629 0.004629629629629629 0.009259259259259259 0.007716049382716049 0.012345679012345678 0.009259259259259259 0.013888888888888888 0.009259259259259259 0.013888888888888888 0.009259259259259259 0.06790123456790123 0.06327160493827161 0.12037037037037035 0.11574074074074073 0.17129629629629628 0.11265432098765432 0.11265432098765432 0.05555555555555555 0.05555555555555555 0.0 0.0 0.0 0.0 0.0 0.0 0.0 0.0 0.0 0.0 0.0 0.0 0.0 0.0 0.0 0.0 0.0 |
| 9.645061728395061e-05 0.00028935185185185184 0.00028935185185185184 0.0005787037037037037 0.00048225308641975306 0.0023148148148148147 0.0021219135802469135 0.005497685185185185 0.005208333333333333 0.010127314814814815 0.008294753086419752 0.016589506172839504 0.013213734567901234 0.021412037037037035 0.016493055555555552 0.024594907407407406 0.016300154320987654 0.07494212962962962 0.06674382716049382 0.12384259259259259 0.11574074074074073 0.17129629629629628 0.11265432098765432 0.11265432098765432 0.05555555555555555 0.05555555555555555 0.0 0.0 0.0 0.0 0.0 0.0 0.0 0.0 0.0 0.0 0.0 0.0 0.0 9.645061728395061e-05 0.0 0.0 |
| 0.0 0.0 0.0 0.0 0.0 0.0 0.0015432098765432098 0.0015432098765432098 0.004629629629629629 0.004629629629629629 0.009259259259259259 0.007716049382716049 0.012345679012345678 0.009259259259259259 0.013888888888888888 0.009259259259259259 0.013888888888888888 0.009259259259259259 0.06790123456790123 0.06327160493827161 0.12037037037037035 0.11574074074074073 0.17129629629629628 0.11265432098765432 0.11265432098765432 0.05555555555555555 0.05555555555555555 0.0 0.0 0.0 0.0 0.0 0.0 0.0 0.0 0.0 0.0 0.0 0.0 0.0 0.0 0.0 |
| 0.0 0.0 0.0 0.0 0.0 0.0 0.0 0.0 0.0 0.0 0.0 0.0 0.0 0.0 0.0 0.0 0.0 0.0 0.0 0.0 0.0 0.0 0.0 0.0 0.0 0.0 0.0 0.0 0.0 0.0 0.0 0.0 0.0 0.0 0.0 0.0 0.0 0.0 0.0 0.0 0.0 0.0 |
| 0.0 0.0 0.0 0.0 0.0 0.0 0.0 0.0 0.0015432098765432098 0.0015432098765432098 0.004629629629629629 0.004629629629629629 0.009259259259259259 0.007716049382716049 0.012345679012345678 0.009259259259259259 0.013888888888888888 0.009259259259259259 0.013888888888888888 0.009259259259259259 0.06790123456790123 0.06327160493827161 0.12037037037037035 0.11574074074074073 0.17129629629629628 0.11265432098765432 0.11265432098765432 0.05555555555555555 0.05555555555555555 0.0 0.0 0.0 0.0 0.0 0.0 0.0 0.0 0.0 0.0 0.0 0.0 0.0 |
| 0.0 0.0 0.0 0.0 0.0 0.0 0.0 0.0 0.0 0.0015432098765432098 0.0015432098765432098 0.004629629629629629 0.004629629629629629 0.009259259259259259 0.007716049382716049 0.012345679012345678 0.009259259259259259 0.013888888888888888 0.009259259259259259 0.013888888888888888 0.009259259259259259 0.06790123456790123 0.06327160493827161 0.12037037037037035 0.11574074074074073 0.17129629629629628 0.11265432098765432 0.11265432098765432 0.05555555555555555 0.05555555555555555 0.0 0.0 0.0 0.0 0.0 0.0 0.0 0.0 0.0 0.0 0.0 0.0 |
| 0.0 0.0 0.0 0.0 0.0 0.0 0.0 0.0 0.0 0.0 0.0013503086419753084 0.0013503086419753084 0.004050925925925925 0.004147376543209876 0.0081983024691358 0.007040895061728393 0.011091820987654318 0.008680555555555554 0.012635030864197528 0.008873456790123455 0.012731481481481479 0.008969907407407406 0.05999228395061727 0.0562307098765432 0.10590277777777776 0.10551697530864196 0.1538387345679012 0.10609567901234566 0.10580632716049382 0.05931712962962962 0.055652006172839504 0.007040895061728395 0.003472222222222222 0.003472222222222222 0.0 0.0 0.0 0.0 0.0 0.0 0.0 0.0 |
| 0.0 0.0 0.0 0.0 0.0 0.0 0.0 0.0 0.0 0.0 0.0 0.0015432098765432098 0.0015432098765432098 0.004629629629629629 0.004629629629629629 0.009259259259259259 0.007716049382716049 0.012345679012345678 0.009259259259259259 0.013888888888888888 0.009259259259259259 0.013888888888888888 0.009259259259259259 0.06790123456790123 0.06327160493827161 0.12037037037037035 0.11574074074074073 0.17129629629629628 0.11265432098765432 0.11265432098765432 0.05555555555555555 0.05555555555555555 0.0 0.0 0.0 0.0 0.0 0.0 0.0 0.0 0.0 0.0 |
| 0.0 0.0 0.0 0.0 0.0 0.0 0.0 0.0 0.0 0.0 0.0 0.0 0.0015432098765432098 0.0015432098765432098 0.004629629629629629 0.004629629629629629 0.009259259259259259 0.007716049382716049 0.012345679012345678 0.009259259259259259 0.013888888888888888 0.009259259259259259 0.013888888888888888 0.009259259259259259 0.06790123456790123 0.06327160493827161 0.12037037037037035 0.11574074074074073 0.17129629629629628 0.11265432098765432 0.11265432098765432 0.05555555555555555 0.05555555555555555 0.0 0.0 0.0 0.0 0.0 0.0 0.0 0.0 0.0 |
| 0.0 0.0 0.0 0.0 0.0 0.0 0.0 0.0 0.0 0.0 0.0 0.0 0.0 0.0006751543209876542 0.0006751543209876542 0.0020254629629629624 0.0020254629629629624 0.004050925925925925 0.003375771604938271 0.005401234567901233 0.004050925925925925 0.006076388888888887 0.004050925925925925 0.006076388888888887 0.004050925925925925 0.029706790123456783 0.02768132716049382 0.052662037037037035 0.05063657407407407 0.07494212962962962 0.04928626543209876 0.04928626543209876 0.024305555555555552 0.024305555555555552 0.0 0.0 0.0 0.0 0.0 0.0 0.0 0.0 |
| 0.0 0.0 0.0 0.0 0.0 0.0 0.0 0.0 0.0 0.0 0.0 0.0 0.0 0.0 0.0015432098765432098 0.0015432098765432098 0.004629629629629629 0.004629629629629629 0.009259259259259259 0.007716049382716049 0.012345679012345678 0.009259259259259259 0.013888888888888888 0.009259259259259259 0.013888888888888888 0.009259259259259259 0.06790123456790123 0.06327160493827161 0.12037037037037035 0.11574074074074073 0.17129629629629628 0.11265432098765432 0.11265432098765432 0.05555555555555555 0.05555555555555555 0.0 0.0 0.0 0.0 0.0 0.0 0.0 |
| 0.0 0.0 0.0 0.0 0.0 0.0 0.0 0.0 0.0 0.0 0.0 0.0 0.0 0.0 0.0 0.0015432098765432098 0.0015432098765432098 0.004629629629629629 0.004629629629629629 0.009259259259259259 0.007716049382716049 0.012345679012345678 0.009259259259259259 0.013888888888888888 0.009259259259259259 0.013888888888888888 0.009259259259259259 0.06790123456790123 0.06327160493827161 0.12037037037037035 0.11574074074074073 0.17129629629629628 0.11265432098765432 0.11265432098765432 0.05555555555555555 0.05555555555555555 0.0 0.0 0.0 0.0 0.0 0.0 |
| 0.010802469135802469 0.007330246913580247 0.007330246913580247 0.004050925925925926 0.0039544753086419755 0.0007716049382716049 0.0005787037037037037 0.0008680555555555555 0.0005787037037037037 0.0008680555555555555 0.0005787037037037037 0.004243827160493827 0.0039544753086419755 0.007619598765432098 0.0073302469135802465 0.01099537037037037 0.008873456790123458 0.00916280864197531 0.008584104938271605 0.008873456790123456 0.009837962962962962 0.008584104938271605 0.012924382716049381 0.010127314814814815 0.014564043209876542 0.013599537037037038 0.018132716049382717 0.01707175925925926 0.07571373456790123 0.07445987654320987 0.12818287037037035 0.12336033950617281 0.17563657407407401 0.11670524691358022 0.11352237654320986 0.05613425925925926 0.059799382716049385 0.0039544753086419755 0.007523148148148147 0.0073302469135802465 0.0 0.0 |
| 0.011574074074074073 0.007908950617283951 0.008198302469135802 0.004629629629629629 0.004822530864197531 0.0013503086419753086 0.00482253086419753 0.0063657407407407395 0.00964506172839506 0.012731481481481479 0.0160108024691358 0.02064043209876543 0.019000771604938273 0.023726851851851853 0.020640432098765434 0.025366512345679014 0.017361111111111112 0.022087191358024692 0.014081790123456788 0.0728202160493827 0.06481481481481481 0.12210648148148145 0.12085262345679011 0.17669753086419754 0.12133487654320986 0.12499999999999997 0.0710841049382716 0.07127700617283948 0.015432098765432096 0.015528549382716045 0.011863425925925923 0.011863425925925923 0.008294753086419752 0.011574074074074073 0.0081983024691358 0.011381172839506171 0.011574074074074073 0.011284722222222224 0.011574074074074075 0.011284722222222222 0.0 0.0 |
| 0.027777777777777776 0.027777777777777776 0.027777777777777776 0.027777777777777776 0.027777777777777776 0.027777777777777776 0.027777777777777776 0.027777777777777776 0.027777777777777776 0.027777777777777776 0.027777777777777776 0.027777777777777776 0.027777777777777776 0.027777777777777776 0.027777777777777776 0.027777777777777776 0.027777777777777776 0.027777777777777776 0.027777777777777776 0.027777777777777776 0.027777777777777776 0.027777777777777776 0.027777777777777776 0.027777777777777776 0.027777777777777776 0.027777777777777776 0.027777777777777776 0.027777777777777776 0.027777777777777776 0.027777777777777776 0.027777777777777776 0.027777777777777776 0.027777777777777776 0.027777777777777776 0.027777777777777776 0.027777777777777776 0.027777777777777776 0.027777777777777776 0.027777777777777776 0.027777777777777776 1.0 0.0 |
