| 0.018518518518518517 0.0 0.0 0.05555555555555555 0.07407407407407407 0.12962962962962962 0.1111111111111111 0.0 0.1111111111111111 0.1111111111111111 0.05555555555555555 0.07407407407407407 0.0 0.0 0.0 0.0 0.0 0.0 0.0 0.0 0.0 0.0 0.0 0.0 0.018518518518518517 0.0 0.0 0.0 0.0 0.0 0.0 0.0 0.0 0.0 0.0 0.0 0.0 0.0 0.0 0.018518518518518517 0.018518518518518517 0.0 |
| 0.012345679012345678 0.0 0.0 0.0 0.06790123456790123 0.06790123456790123 0.1111111111111111 0.0 0.16666666666666666 0.1111111111111111 0.1111111111111111 0.06790123456790123 0.05555555555555555 0.0 0.0 0.0 0.0 0.0 0.0 0.0 0.0 0.0 0.0 0.0 0.012345679012345678 0.0 0.0 0.0 0.0 0.0 0.0 0.0 0.0 0.0 0.0 0.0 0.0 0.0 0.0 0.012345679012345678 0.012345679012345678 0.0 |
| 0.012345679012345678 0.0 0.0 0.0 0.012345679012345678 0.06790123456790123 0.05555555555555555 0.0 0.1111111111111111 0.16666666666666666 0.1111111111111111 0.12345679012345678 0.05555555555555555 0.05555555555555555 0.0 0.0 0.0 0.0 0.0 0.0 0.0 0.0 0.0 0.0 0.012345679012345678 0.0 0.0 0.0 0.0 0.0 0.0 0.0 0.0 0.0 0.0 0.0 0.0 0.0 0.0 0.012345679012345678 0.012345679012345678 0.0 |
| 0.006172839506172839 0.0 0.0 0.0 0.006172839506172839 0.006172839506172839 0.05555555555555555 0.0 0.1111111111111111 0.1111111111111111 0.16666666666666666 0.11728395061728394 0.1111111111111111 0.05555555555555555 0.05555555555555555 0.0 0.0 0.0 0.0 0.0 0.0 0.0 0.0 0.0 0.006172839506172839 0.0 0.0 0.0 0.0 0.0 0.0 0.0 0.0 0.0 0.0 0.0 0.0 0.0 0.0 0.006172839506172839 0.006172839506172839 0.0 |
| 0.006172839506172839 0.0 0.0 0.0 0.006172839506172839 0.006172839506172839 0.0 0.0 0.05555555555555555 0.1111111111111111 0.1111111111111111 0.1728395061728395 0.1111111111111111 0.1111111111111111 0.05555555555555555 0.05555555555555555 0.0 0.0 0.0 0.0 0.0 0.0 0.0 0.0 0.006172839506172839 0.0 0.0 0.0 0.0 0.0 0.0 0.0 0.0 0.0 0.0 0.0 0.0 0.0 0.0 0.006172839506172839 0.006172839506172839 0.0 |
| 0.09259259259259259 0.09259259259259259 0.09259259259259259 0.09259259259259259 0.09259259259259259 0.09259259259259259 0.09259259259259259 0.09259259259259259 0.14814814814814814 0.14814814814814814 0.2037037037037037 0.2037037037037037 0.2592592592592593 0.2037037037037037 0.2037037037037037 0.14814814814814814 0.14814814814814814 0.09259259259259259 0.09259259259259259 0.09259259259259259 0.09259259259259259 0.09259259259259259 0.09259259259259259 0.09259259259259259 0.09259259259259259 0.09259259259259259 0.09259259259259259 0.09259259259259259 0.09259259259259259 0.09259259259259259 0.09259259259259259 0.09259259259259259 0.09259259259259259 0.09259259259259259 0.09259259259259259 0.09259259259259259 0.09259259259259259 0.09259259259259259 0.09259259259259259 0.09259259259259259 0.09259259259259259 0.09259259259259259 |
| 0.027777777777777776 0.0 0.0 0.0 0.0 0.0 0.0 0.0 0.0 0.05555555555555555 0.05555555555555555 0.1111111111111111 0.1111111111111111 0.16666666666666666 0.1111111111111111 0.1111111111111111 0.05555555555555555 0.0 0.0 0.0 0.0 0.0 0.0 0.0 0.0 0.0 0.0 0.0 0.0 0.0 0.0 0.0 0.0 0.0 0.0 0.0 0.0 0.0 0.0 0.0 0.027777777777777776 0.0 |
| 0.027777777777777776 0.0 0.0 0.0 0.0 0.0 0.0 0.0 0.0 0.0 0.05555555555555555 0.05555555555555555 0.1111111111111111 0.1111111111111111 0.16666666666666666 0.1111111111111111 0.1111111111111111 0.0 0.05555555555555555 0.0 0.0 0.0 0.0 0.0 0.0 0.0 0.0 0.0 0.0 0.0 0.0 0.0 0.0 0.0 0.0 0.0 0.0 0.0 0.0 0.0 0.027777777777777776 0.0 |
| 0.05555555555555555 0.0 0.0 0.0 0.0 0.0 0.0 0.0 0.0 0.0 0.0 0.05555555555555555 0.05555555555555555 0.1111111111111111 0.1111111111111111 0.16666666666666666 0.1111111111111111 0.0 0.05555555555555555 0.05555555555555555 0.0 0.0 0.0 0.0 0.0 0.0 0.0 0.0 0.0 0.0 0.0 0.0 0.0 0.0 0.0 0.0 0.0 0.0 0.0 0.0 0.05555555555555555 0.0 |
| 0.05555555555555555 0.0 0.0 0.0 0.0 0.0 0.0 0.0 0.0 0.0 0.0 0.0 0.05555555555555555 0.05555555555555555 0.1111111111111111 0.1111111111111111 0.16666666666666666 0.0 0.1111111111111111 0.05555555555555555 0.05555555555555555 0.0 0.0 0.0 0.0 0.0 0.0 0.0 0.0 0.0 0.0 0.0 0.0 0.0 0.0 0.0 0.0 0.0 0.0 0.0 0.05555555555555555 0.0 |
| 0.08333333333333333 0.0 0.0 0.0 0.0 0.0 0.0 0.0 0.0 0.0 0.0 0.0 0.0 0.05555555555555555 0.05555555555555555 0.1111111111111111 0.1111111111111111 0.0 0.1111111111111111 0.1111111111111111 0.05555555555555555 0.05555555555555555 0.0 0.0 0.0 0.0 0.0 0.0 0.0 0.0 0.0 0.0 0.0 0.0 0.0 0.0 0.0 0.0 0.0 0.0 0.08333333333333333 0.0 |
| 0.06172839506172839 0.0 0.0 0.0 0.0 0.006172839506172839 0.0 0.0 0.0 0.0 0.0 0.006172839506172839 0.0 0.0 0.05555555555555555 0.05555555555555555 0.1111111111111111 0.0 0.16666666666666666 0.11728395061728394 0.1111111111111111 0.05555555555555555 0.0 0.0 0.006172839506172839 0.0 0.0 0.0 0.0 0.0 0.0 0.0 0.0 0.0 0.0 0.0 0.0 0.0 0.0 0.006172839506172839 0.06172839506172839 0.0 |
| 0.24691358024691357 0.18518518518518517 0.18518518518518517 0.18518518518518517 0.18518518518518517 0.19135802469135801 0.18518518518518517 0.18518518518518517 0.18518518518518517 0.18518518518518517 0.18518518518518517 0.19135802469135801 0.18518518518518517 0.18518518518518517 0.18518518518518517 0.24074074074074073 0.24074074074074073 0.18518518518518517 0.2962962962962964 0.35802469135802484 0.2962962962962964 0.2962962962962964 0.18518518518518517 0.24074074074074073 0.19135802469135801 0.18518518518518517 0.18518518518518517 0.18518518518518517 0.18518518518518517 0.18518518518518517 0.18518518518518517 0.18518518518518517 0.18518518518518517 0.18518518518518517 0.18518518518518517 0.18518518518518517 0.18518518518518517 0.18518518518518517 0.18518518518518517 0.19135802469135801 0.24691358024691357 0.18518518518518517 |
| 0.040123456790123455 0.0 0.0 0.0 0.0 0.012345679012345678 0.0 0.0 0.0 0.0 0.0 0.012345679012345678 0.0 0.0 0.0 0.0 0.05555555555555555 0.0 0.1111111111111111 0.12345679012345678 0.16666666666666666 0.1111111111111111 0.0 0.05555555555555555 0.06790123456790123 0.0 0.0 0.0 0.0 0.0 0.0 0.0 0.0 0.0 0.0 0.0 0.0 0.0 0.0 0.012345679012345678 0.040123456790123455 0.0 |
| 0.040123456790123455 0.0 0.0 0.0 0.0 0.012345679012345678 0.0 0.0 0.0 0.0 0.0 0.012345679012345678 0.0 0.0 0.0 0.0 0.0 0.0 0.05555555555555555 0.12345679012345678 0.1111111111111111 0.16666666666666666 0.0 0.1111111111111111 0.06790123456790123 0.05555555555555555 0.0 0.0 0.0 0.0 0.0 0.0 0.0 0.0 0.0 0.0 0.0 0.0 0.0 0.012345679012345678 0.040123456790123455 0.0 |
| 0.1111111111111111 0.09259259259259259 0.09259259259259259 0.09259259259259259 0.09259259259259259 0.1111111111111111 0.09259259259259259 0.09259259259259259 0.09259259259259259 0.09259259259259259 0.09259259259259259 0.1111111111111111 0.09259259259259259 0.09259259259259259 0.09259259259259259 0.09259259259259259 0.09259259259259259 0.09259259259259259 0.14814814814814814 0.16666666666666666 0.2037037037037037 0.2037037037037037 0.09259259259259259 0.2037037037037037 0.2222222222222222 0.14814814814814814 0.14814814814814814 0.09259259259259259 0.09259259259259259 0.09259259259259259 0.09259259259259259 0.09259259259259259 0.09259259259259259 0.09259259259259259 0.09259259259259259 0.09259259259259259 0.09259259259259259 0.09259259259259259 0.09259259259259259 0.1111111111111111 0.1111111111111111 0.09259259259259259 |
| 0.012345679012345678 0.0 0.0 0.0 0.0 0.012345679012345678 0.0 0.0 0.0 0.0 0.0 0.012345679012345678 0.0 0.0 0.0 0.0 0.0 0.0 0.0 0.06790123456790123 0.05555555555555555 0.1111111111111111 0.0 0.16666666666666666 0.12345679012345678 0.1111111111111111 0.05555555555555555 0.05555555555555555 0.0 0.0 0.0 0.0 0.0 0.0 0.0 0.0 0.0 0.0 0.0 0.012345679012345678 0.012345679012345678 0.0 |
| 0.012345679012345678 0.0 0.0 0.0 0.0 0.012345679012345678 0.0 0.0 0.0 0.0 0.0 0.012345679012345678 0.0 0.0 0.0 0.0 0.0 0.0 0.0 0.012345679012345678 0.05555555555555555 0.05555555555555555 0.0 0.1111111111111111 0.17901234567901234 0.1111111111111111 0.1111111111111111 0.05555555555555555 0.05555555555555555 0.0 0.0 0.0 0.0 0.0 0.0 0.0 0.0 0.0 0.0 0.012345679012345678 0.012345679012345678 0.0 |
| 0.006172839506172839 0.0 0.0 0.0 0.0 0.006172839506172839 0.0 0.0 0.0 0.0 0.0 0.006172839506172839 0.0 0.0 0.0 0.0 0.0 0.0 0.0 0.006172839506172839 0.0 0.05555555555555555 0.0 0.1111111111111111 0.11728395061728394 0.16666666666666666 0.1111111111111111 0.1111111111111111 0.05555555555555555 0.05555555555555555 0.0 0.0 0.0 0.0 0.0 0.0 0.0 0.0 0.0 0.006172839506172839 0.006172839506172839 0.0 |
| 0.006172839506172839 0.0 0.0 0.0 0.0 0.006172839506172839 0.0 0.0 0.0 0.0 0.0 0.006172839506172839 0.0 0.0 0.0 0.0 0.0 0.0 0.0 0.006172839506172839 0.0 0.0 0.0 0.05555555555555555 0.11728395061728394 0.1111111111111111 0.16666666666666666 0.1111111111111111 0.1111111111111111 0.05555555555555555 0.0 0.0 0.0 0.0 0.0 0.0 0.0 0.0 0.0 0.006172839506172839 0.06172839506172839 0.0 |
| 0.0 0.0 0.0 0.0 0.0 0.0 0.0 0.0 0.0 0.0 0.0 0.0 0.0 0.0 0.0 0.0 0.0 0.0 0.0 0.0 0.0 0.0 0.0 0.05555555555555555 0.05555555555555555 0.1111111111111111 0.1111111111111111 0.16666666666666666 0.1111111111111111 0.1111111111111111 0.0 0.05555555555555555 0.0 0.0 0.0 0.0 0.0 0.0 0.0 0.0 0.05555555555555555 0.0 |
| 0.0 0.0 0.0 0.0 0.0 0.0 0.0 0.0 0.0 0.0 0.0 0.0 0.0 0.0 0.0 0.0 0.0 0.0 0.0 0.0 0.0 0.0 0.0 0.0 0.05555555555555555 0.05555555555555555 0.1111111111111111 0.1111111111111111 0.16666666666666666 0.1111111111111111 0.0 0.05555555555555555 0.05555555555555555 0.0 0.0 0.0 0.0 0.0 0.0 0.0 0.1111111111111111 0.0 |
| 0.027777777777777776 0.0 0.0 0.0 0.0 0.0 0.0 0.0 0.0 0.0 0.0 0.0 0.0 0.0 0.0 0.0 0.0 0.0 0.0 0.0 0.0 0.0 0.0 0.0 0.0 0.05555555555555555 0.05555555555555555 0.1111111111111111 0.1111111111111111 0.16666666666666666 0.0 0.1111111111111111 0.05555555555555555 0.0 0.0 0.0 0.0 0.0 0.0 0.0 0.1388888888888889 0.0 |
| 0.027777777777777776 0.0 0.0 0.0 0.0 0.0 0.0 0.0 0.0 0.0 0.0 0.0 0.0 0.0 0.0 0.0 0.0 0.0 0.0 0.0 0.0 0.0 0.0 0.0 0.0 0.0 0.05555555555555555 0.05555555555555555 0.1111111111111111 0.1111111111111111 0.0 0.1111111111111111 0.1111111111111111 0.0 0.05555555555555555 0.0 0.0 0.0 0.0 0.0 0.19444444444444442 0.0 |
| 0.05555555555555555 0.0 0.0 0.0 0.0 0.0 0.0 0.0 0.0 0.0 0.0 0.0 0.0 0.0 0.0 0.0 0.0 0.0 0.0 0.0 0.0 0.0 0.0 0.0 0.0 0.0 0.0 0.05555555555555555 0.05555555555555555 0.1111111111111111 0.0 0.16666666666666666 0.1111111111111111 0.0 0.05555555555555555 0.05555555555555555 0.0 0.0 0.0 0.0 0.16666666666666666 0.0 |
| 0.15432098765432098 0.09259259259259259 0.09259259259259259 0.09259259259259259 0.09259259259259259 0.09876543209876543 0.09259259259259259 0.09259259259259259 0.09259259259259259 0.09259259259259259 0.09259259259259259 0.09876543209876543 0.09259259259259259 0.09259259259259259 0.09259259259259259 0.09259259259259259 0.09259259259259259 0.09259259259259259 0.09259259259259259 0.09259259259259259 0.09259259259259259 0.09259259259259259 0.09259259259259259 0.09259259259259259 0.09876543209876543 0.09259259259259259 0.09259259259259259 0.09259259259259259 0.14814814814814814 0.14814814814814814 0.09259259259259259 0.2037037037037037 0.25925925925925924 0.09876543209876543 0.2037037037037037 0.14814814814814814 0.09259259259259259 0.09259259259259259 0.09259259259259259 0.09876543209876543 0.26543209876543206 0.09259259259259259 |
| 0.08950617283950617 0.0 0.0 0.0 0.0 0.006172839506172839 0.0 0.0 0.0 0.0 0.0 0.006172839506172839 0.0 0.0 0.0 0.0 0.0 0.0 0.0 0.0 0.0 0.0 0.0 0.0 0.006172839506172839 0.0 0.0 0.0 0.0 0.05555555555555555 0.0 0.1111111111111111 0.1111111111111111 0.006172839506172839 0.1111111111111111 0.1111111111111111 0.0 0.05555555555555555 0.0 0.006172839506172839 0.14506172839506173 0.0 |
| 0.06790123456790123 0.0 0.0 0.0 0.0 0.012345679012345678 0.0 0.0 0.0 0.0 0.0 0.012345679012345678 0.0 0.0 0.0 0.0 0.0 0.0 0.0 0.0 0.0 0.0 0.0 0.0 0.012345679012345678 0.0 0.0 0.0 0.0 0.0 0.0 0.05555555555555555 0.1111111111111111 0.012345679012345678 0.16666666666666666 0.1111111111111111 0.0 0.05555555555555555 0.05555555555555555 0.012345679012345678 0.12345679012345678 0.0 |
| 0.16049382716049382 0.09259259259259259 0.09259259259259259 0.09259259259259259 0.09259259259259259 0.10493827160493827 0.09259259259259259 0.09259259259259259 0.09259259259259259 0.09259259259259259 0.09259259259259259 0.10493827160493827 0.09259259259259259 0.09259259259259259 0.09259259259259259 0.09259259259259259 0.09259259259259259 0.09259259259259259 0.09259259259259259 0.09259259259259259 0.09259259259259259 0.09259259259259259 0.09259259259259259 0.09259259259259259 0.10493827160493827 0.09259259259259259 0.09259259259259259 0.09259259259259259 0.09259259259259259 0.09259259259259259 0.09259259259259259 0.14814814814814814 0.14814814814814814 0.10493827160493827 0.2037037037037037 0.25925925925925924 0.09259259259259259 0.2037037037037037 0.14814814814814814 0.16049382716049382 0.16049382716049382 0.09259259259259259 |
| 0.10185185185185185 0.0 0.0 0.0 0.0 0.018518518518518517 0.0 0.0 0.0 0.0 0.0 0.018518518518518517 0.0 0.0 0.0 0.0 0.0 0.0 0.0 0.0 0.0 0.0 0.0 0.0 0.018518518518518517 0.0 0.0 0.0 0.0 0.0 0.0 0.0 0.05555555555555555 0.018518518518518517 0.1111111111111111 0.1111111111111111 0.0 0.1111111111111111 0.1111111111111111 0.07407407407407407 0.046296296296296294 0.0 |
| 0.09567901234567901 0.05555555555555555 0.0 0.0 0.0 0.012345679012345678 0.0 0.0 0.0 0.0 0.0 0.012345679012345678 0.0 0.0 0.0 0.0 0.0 0.0 0.0 0.0 0.0 0.0 0.0 0.0 0.012345679012345678 0.0 0.0 0.0 0.0 0.0 0.0 0.0 0.0 0.012345679012345678 0.05555555555555555 0.1111111111111111 0.0 0.16666666666666666 0.1111111111111111 0.12345679012345678 0.040123456790123455 0.0 |
| 0.15123456790123457 0.05555555555555555 0.0 0.0 0.0 0.012345679012345678 0.0 0.0 0.0 0.0 0.0 0.012345679012345678 0.0 0.0 0.0 0.0 0.0 0.0 0.0 0.0 0.0 0.0 0.0 0.0 0.012345679012345678 0.0 0.0 0.0 0.0 0.0 0.0 0.0 0.0 0.012345679012345678 0.05555555555555555 0.05555555555555555 0.0 0.1111111111111111 0.16666666666666666 0.12345679012345678 0.040123456790123455 0.0 |
| 0.1450617283950617 0.1111111111111111 0.0 0.05555555555555555 0.0 0.006172839506172839 0.0 0.0 0.0 0.0 0.0 0.006172839506172839 0.0 0.0 0.0 0.0 0.0 0.0 0.0 0.0 0.0 0.0 0.0 0.0 0.006172839506172839 0.0 0.0 0.0 0.0 0.0 0.0 0.0 0.0 0.006172839506172839 0.0 0.05555555555555555 0.0 0.1111111111111111 0.1111111111111111 0.1728395061728395 0.033950617283950615 0.0 |
| 0.22839506172839505 0.1111111111111111 0.0 0.05555555555555555 0.05555555555555555 0.006172839506172839 0.0 0.0 0.0 0.0 0.0 0.006172839506172839 0.0 0.0 0.0 0.0 0.0 0.0 0.0 0.0 0.0 0.0 0.0 0.0 0.006172839506172839 0.0 0.0 0.0 0.0 0.0 0.0 0.0 0.0 0.006172839506172839 0.0 0.0 0.0 0.05555555555555555 0.1111111111111111 0.11728395061728394 0.06172839506172839 0.0 |
| 0.16666666666666666 0.16666666666666666 0.0 0.1111111111111111 0.05555555555555555 0.05555555555555555 0.0 0.0 0.0 0.0 0.0 0.0 0.0 0.0 0.0 0.0 0.0 0.0 0.0 0.0 0.0 0.0 0.0 0.0 0.0 0.0 0.0 0.0 0.0 0.0 0.0 0.0 0.0 0.0 0.0 0.0 0.0 0.05555555555555555 0.05555555555555555 0.1111111111111111 0.05555555555555555 0.0 |
| 0.19444444444444442 0.1111111111111111 0.0 0.1111111111111111 0.1111111111111111 0.05555555555555555 0.05555555555555555 0.0 0.0 0.0 0.0 0.0 0.0 0.0 0.0 0.0 0.0 0.0 0.0 0.0 0.0 0.0 0.0 0.0 0.0 0.0 0.0 0.0 0.0 0.0 0.0 0.0 0.0 0.0 0.0 0.0 0.0 0.0 0.05555555555555555 0.05555555555555555 0.08333333333333333 0.0 |
| 0.11728395061728394 0.1111111111111111 0.0 0.16666666666666666 0.11728395061728394 0.11728395061728394 0.05555555555555555 0.0 0.0 0.0 0.0 0.006172839506172839 0.0 0.0 0.0 0.0 0.0 0.0 0.0 0.0 0.0 0.0 0.0 0.0 0.006172839506172839 0.0 0.0 0.0 0.0 0.0 0.0 0.0 0.0 0.0 0.0 0.0 0.0 0.0 0.0 0.06172839506172839 0.06172839506172839 0.0 |
| 0.11728395061728394 0.05555555555555555 0.0 0.1111111111111111 0.1728395061728395 0.11728395061728394 0.1111111111111111 0.0 0.05555555555555555 0.0 0.0 0.006172839506172839 0.0 0.0 0.0 0.0 0.0 0.0 0.0 0.0 0.0 0.0 0.0 0.0 0.006172839506172839 0.0 0.0 0.0 0.0 0.0 0.0 0.0 0.0 0.0 0.0 0.0 0.0 0.0 0.0 0.006172839506172839 0.06172839506172839 0.0 |
| 0.040123456790123455 0.05555555555555555 0.0 0.1111111111111111 0.12345679012345678 0.17901234567901234 0.1111111111111111 0.0 0.05555555555555555 0.05555555555555555 0.0 0.012345679012345678 0.0 0.0 0.0 0.0 0.0 0.0 0.0 0.0 0.0 0.0 0.0 0.0 0.012345679012345678 0.0 0.0 0.0 0.0 0.0 0.0 0.0 0.0 0.0 0.0 0.0 0.0 0.0 0.0 0.012345679012345678 0.040123456790123455 0.0 |
| 0.040123456790123455 0.0 0.0 0.05555555555555555 0.12345679012345678 0.12345679012345678 0.16666666666666666 0.0 0.1111111111111111 0.05555555555555555 0.05555555555555555 0.012345679012345678 0.0 0.0 0.0 0.0 0.0 0.0 0.0 0.0 0.0 0.0 0.0 0.0 0.012345679012345678 0.0 0.0 0.0 0.0 0.0 0.0 0.0 0.0 0.0 0.0 0.0 0.0 0.0 0.0 0.012345679012345678 0.040123456790123455 0.0 |
| 0.0 0.0 0.0 0.0 0.0 0.0 0.0 0.0 0.0 0.0 0.0 0.0 0.0 0.0 0.0 0.0 0.0 0.0 0.0 0.0 0.0 0.0 0.0 0.0 0.0 0.0 0.0 0.0 0.0 0.0 0.0 0.0 0.0 0.0 0.0 0.0 0.0 0.0 0.0 0.0 0.0 1.0 |
| 0.0 0.0 0.0 0.0 0.0 0.0 0.0 0.0 0.0 0.0 1.0 0.0 0.0 0.0 0.0 0.0 0.0 0.0 0.0 0.0 0.0 0.0 0.0 0.0 0.0 0.0 0.0 0.0 0.0 0.0 0.0 0.0 0.0 0.0 0.0 0.0 0.0 0.0 0.0 0.0 0.0 0.0 |
